title
Top	Bottom	length	deuterium
91.49	92.61	1.12	999999
92.61	93.85	1.24	999999
93.85	95.31	1.46	-272.46
95.31	96.63	1.32	-266.5
96.63	97.97	1.34	-267.65
97.97	99.33	1.36	-268.72
99.33	100.7	1.37	-274.71
100.7	101.92	1.22	-267.58
101.92	103.16	1.24	-272.54
103.16	104.27	1.11	-269.81
104.27	105.67	1.4	-267.67
105.67	106.88	1.21	-273.44
106.88	108.17	1.29	-265.09
108.17	109.39	1.22	-275.35
109.39	110.84	1.45	-275.62
110.84	112.21	1.37	-272.86
112.21	113.27	1.06	-270.13
113.27	114.64	1.37	-269.02
114.64	115.98	1.34	-261.95
115.98	117.22	1.24	-269.6
117.22	118.29	1.07	-271.41
118.29	119.54	1.25	-270.47
119.54	120.76	1.22	-270.73
120.76	121.91	1.15	-266.15
121.91	123.31	1.4	-268.31
123.31	124.46	1.15	-269.65
124.46	125.79	1.33	-260.83
125.79	126.94	1.15	-261.28
126.94	128.08	1.14	-273.79
128.08	129.1	1.02	-268.6
129.1	130.23	1.13	-264.4
130.23	131.45	1.22	-265.23
131.45	132.61	1.16	-266.59
132.61	133.98	1.37	-269.85
133.98	135.16	1.18	-261.23
135.16	136.44	1.28	-266.48
136.44	137.65	1.21	-270.3
137.65	138.73	1.08	-266.75
138.73	139.73	1	-270.22
139.73	141.07	1.34	-266.76
141.07	142.24	1.17	-269.36
142.24	143.51	1.27	-271.23
143.51	144.64	1.13	-257.98
144.64	145.97	1.33	-267.94
145.97	147.13	1.16	-266.18
147.13	148.38	1.25	-271.08
148.38	149.21	0.83	-269.79
149.21	150.19	0.98	-263.99
150.19	151.24	1.05	-271.19
151.24	152.49	1.25	-273.3
152.49	153.64	1.15	-266.11
153.64	154.68	1.04	-268.18
154.68	155.93	1.25	-269.59
155.93	157.12	1.19	-267.13
157.12	158.23	1.11	-261.64
158.23	159.6	1.37	-268.31
159.6	160.82	1.22	-266.69
160.82	162.05	1.23	-272.79
162.05	163.23	1.18	-262.31
163.23	164.57	1.34	-265.52
164.57	165.52	0.95	-264.3
165.52	166.72	1.2	-264.46
166.72	167.95	1.23	-267.94
167.95	169.28	1.33	-262.26
169.28	170.43	1.15	-272.65
170.43	171.65	1.22	-268.92
171.65	172.92	1.27	-269.99
172.92	174.01	1.09	-261.12
174.01	175.32	1.31	-269.93
175.32	176.45	1.13	-268.77
176.45	177.57	1.12	-271.54
177.57	178.75	1.18	-270.21
178.75	179.99	1.24	-263.2
179.99	181.12	1.13	-269.14
181.12	182.35	1.23	-276.49
182.35	183.47	1.12	-267.34
183.47	184.65	1.18	-269.98
184.65	185.77	1.12	-271.49
185.77	186.94	1.17	-266.34
186.94	188.12	1.18	-276.62
188.12	189.32	1.2	-267.82
189.32	190.31	0.99	-264.44
190.31	191.54	1.23	-268
191.54	192.63	1.09	-279.51
192.63	193.78	1.15	-271.75
193.78	194.94	1.16	-252.92
194.94	196.09	1.15	-263.43
196.09	197.27	1.18	-269.9
197.27	198.35	1.08	-272.44
198.35	199.5	1.15	-270.87
199.5	200.63	1.13	-267.17
200.63	201.62	0.99	-269.61
201.62	202.73	1.11	-268.46
202.73	203.98	1.25	-267.78
203.98	205.07	1.09	-271.13
205.07	206.19	1.12	-281.4
206.19	207.27	1.08	-274.81
207.27	208.16	0.89	-253.77
208.16	209.36	1.2	-261.82
209.36	210.33	0.97	-269.24
210.33	211.32	0.99	-268.73
211.32	212.52	1.2	-259.27
212.52	213.53	1.01	-271.33
213.53	214.59	1.06	-266.56
214.59	215.71	1.12	-271.13
215.71	216.8	1.09	-275
216.8	217.83	1.03	-268.34
217.83	218.91	1.08	-267.39
218.91	219.89	0.98	-269.94
219.89	221.09	1.2	-271.78
221.09	222.26	1.17	-274.4
222.26	223.38	1.12	-276.21
223.38	224.52	1.14	-267.2
224.52	225.8	1.28	-265.89
225.8	227.05	1.25	-265.23
227.05	228.27	1.22	-263.41
228.27	229.4	1.13	-264.14
229.4	230.4	1	-260.35
230.4	231.61	1.21	-268.9
231.61	232.89	1.28	-268.21
232.89	234.03	1.14	-263.88
234.03	235.22	1.19	-264.14
235.22	236.42	1.2	-268.93
236.42	237.69	1.27	-271.83
237.69	238.73	1.04	-272.56
238.73	239.77	1.04	-264.45
239.77	240.71	0.94	-264.25
240.71	241.75	1.04	-270.62
241.75	242.9	1.15	-272.22
242.9	244.21	1.31	-268.94
244.21	245.44	1.23	-263.88
245.44	246.51	1.07	-270.63
246.51	247.78	1.27	-267.41
247.78	249.06	1.28	-275.77
249.06	250.22	1.16	-273.46
250.22	251.14	0.92	-267.29
251.14	252.17	1.03	-269.24
252.17	253.5	1.33	-263.8
253.5	254.86	1.36	-270.93
254.86	255.99	1.13	-269.95
255.99	257.1	1.11	-266.81
257.1	258.46	1.36	-261.42
258.46	259.56	1.1	-267.7
259.56	260.57	1.01	-258.36
260.57	261.6	1.03	-266.71
261.6	262.83	1.23	-260.58
262.83	264.03	1.2	-265.4
264.03	265.22	1.19	-274.88
265.22	266.35	1.13	-269.64
266.35	267.51	1.16	-256.71
267.51	268.56	1.05	-267.18
268.56	269.78	1.22	-264.85
269.78	270.9	1.12	-259.85
270.9	272.09	1.19	-268.21
272.09	273.42	1.33	-264.03
273.42	274.5	1.08	-269.45
274.5	275.6	1.1	-272.42
275.6	276.75	1.15	-267.17
276.75	277.84	1.09	-265.77
277.84	278.87	1.03	-269.77
278.87	279.92	1.05	-272.61
279.92	281.1	1.18	-272.24
281.1	282.28	1.18	-268.03
282.28	283.51	1.23	-272.86
283.51	284.48	0.97	-274.94
284.48	285.71	1.23	-266.82
285.71	286.86	1.15	-270.65
286.86	288.03	1.17	-270.12
288.03	289.07	1.04	-274.89
289.07	290.27	1.2	-284.84
290.27	291.42	1.15	-265.18
291.42	292.68	1.26	-274.57
292.68	293.91	1.23	-270.99
293.91	294.98	1.07	-266.81
294.98	296.16	1.18	-260.79
296.16	297.27	1.11	-270.29
297.27	298.46	1.19	-274.61
298.46	299.62	1.16	-276.49
299.62	300.91	1.29	-269.71
300.91	302.12	1.21	-263.96
302.12	303.26	1.14	-271.99
303.26	304.31	1.05	-263.52
304.31	305.51	1.2	-265.85
305.51	306.76	1.25	-266.68
306.76	307.92	1.16	-259.69
307.92	309.1	1.18	-269.25
309.1	310.08	0.98	-272.14
310.08	311.25	1.17	-270.38
311.25	312.4	1.15	-269.52
312.4	313.52	1.12	-264.85
313.52	314.63	1.11	-268.94
314.63	315.92	1.29	-263.79
315.92	317.1	1.18	-262.08
317.1	318.33	1.23	-267.78
318.33	319.46	1.13	-269.4
319.46	320.55	1.09	-267.07
320.55	321.68	1.13	-270.94
321.68	322.76	1.08	-275.27
322.76	323.8	1.04	-267.6
323.8	324.88	1.08	-264.89
324.88	325.78	0.9	-273.86
325.78	326.97	1.19	-267.74
326.97	328.09	1.12	-272.07
328.09	329.18	1.09	-275.87
329.18	330.5	1.32	-269.1
330.5	331.65	1.15	-264.85
331.65	332.92	1.27	-264.37
332.92	333.98	1.06	-268.52
333.98	335.15	1.17	-268.78
335.15	336.22	1.07	-266.59
336.22	337.43	1.21	-268.16
337.43	338.48	1.05	-262.13
338.48	339.47	0.99	-280.02
339.47	340.76	1.29	-271.89
340.76	341.78	1.02	-272.36
341.78	342.9	1.12	-268.48
342.9	344.06	1.16	-270.56
344.06	344.8	0.74	-263.32
344.8	345.78	0.98	-270.57
345.78	346.78	1	999999
346.78	347.78	1	999999
347.78	348.78	1	999999
348.78	349.78	1	999999
349.78	350.78	1	999999
350.78	351.78	1	999999
351.78	352.78	1	999999
352.78	353.78	1	999999
353.78	354.78	1	999999
354.78	355.78	1	999999
355.78	356.78	1	999999
356.78	357.78	1	999999
357.78	358.78	1	999999
358.78	359.87	1.09	-281.7
359.87	360.9	1.03	-266.11
360.9	362.08	1.18	-268.75
362.08	362.9	0.82	-271.53
362.9	363.96	1.06	-271.36
363.96	365.13	1.17	-261.79
365.13	366.01	0.88	-265.96
366.01	366.93	0.92	-267.02
366.93	367.88	0.95	-270.57
367.88	368.8	0.92	-272.57
368.8	369.85	1.05	-267.98
369.85	370.95	1.1	-267.37
370.95	371.87	0.92	-273.53
371.87	373.01	1.14	-260.06
373.01	374.22	1.21	-270.16
374.22	375.33	1.11	-281.07
375.33	376.43	1.1	-265.65
376.43	377.42	0.99	-257.55
377.42	378.51	1.09	-265.87
378.51	379.6	1.09	-270.36
379.6	380.62	1.02	-270.12
380.62	381.62	1	-274.49
381.62	382.65	1.03	-267.33
382.65	383.76	1.11	-260.63
383.76	384.72	0.96	-269.48
384.72	385.79	1.07	-256.49
385.79	386.74	0.95	-261.4
386.74	387.82	1.08	-262.83
387.82	388.82	1	-271.31
388.82	389.82	1	999999
389.82	390.82	1	999999
390.82	391.82	1	999999
391.82	392.98	1.16	-275.77
392.98	394.03	1.05	-255.95
394.03	395.08	1.05	999999
395.08	396.13	1.05	999999
396.13	397.13	1	999999
397.13	398.28	1.15	-270.9
398.28	399.1	0.82	-272.53
399.1	400.1	1	-267.28
400.1	401.18	1.08	-266.84
401.18	401.98	0.8	-268.95
401.98	403.19	1.21	-264.11
403.19	404.26	1.07	-271.53
404.26	405.32	1.06	-272.87
405.32	406.21	0.89	-262.58
406.21	407.28	1.07	-265.94
407.28	408.22	0.94	-265.17
408.22	409.17	0.95	-268.01
409.17	410.11	0.94	-263.39
410.11	411.04	0.93	-270.59
411.04	412.06	1.02	-262.63
412.06	413.1	1.04	-262.57
413.1	414.15	1.05	-264.88
414.15	415.2	1.05	-261.64
415.2	416.27	1.07	-255.79
416.27	417.12	0.85	-264.38
417.12	418.14	1.02	-262.94
418.14	419.07	0.93	-269.59
419.07	420.05	0.98	-272.49
420.05	421.11	1.06	-268.36
421.11	422.07	0.96	-261.7
422.07	423.08	1.01	-266.16
423.08	424.09	1.01	-275.55
424.09	425.17	1.08	-269.39
425.17	425.99	0.82	-269.85
425.99	426.86	0.87	-268.84
426.86	427.93	1.07	-266.6
427.93	429.05	1.12	-273.69
429.05	430	0.95	-260.96
430	430.89	0.89	-268.6
430.89	431.84	0.95	-266.38
431.84	432.73	0.89	-275.8
432.73	433.62	0.89	-265.75
433.62	434.36	0.74	-269.25
434.36	435.16	0.8	-271.53
435.16	436.28	1.12	-279.37
436.28	437.36	1.08	-272.62
437.36	438.39	1.03	-264.28
438.39	439.42	1.03	-276.75
439.42	440.32	0.9	-269.23
440.32	441.39	1.07	-265.33
441.39	442.47	1.08	-267.41
442.47	443.48	1.01	-264.28
443.48	444.63	1.15	-274.91
444.63	445.61	0.98	-264.9
445.61	446.53	0.92	-262.33
446.53	447.62	1.09	-264.96
447.62	448.54	0.92	-265.68
448.54	449.57	1.03	-266.48
449.57	450.62	1.05	-275.44
450.62	451.57	0.95	-270
451.57	452.39	0.82	-264.75
452.39	453.58	1.19	-268.21
453.58	454.59	1.01	-266.44
454.59	455.57	0.98	-264.93
455.57	456.7	1.13	-266.48
456.7	457.97	1.27	-258.97
457.97	458.92	0.95	-267.43
458.92	459.93	1.01	-267.55
459.93	461.02	1.09	-273.08
461.02	462.18	1.16	-273.11
462.18	463.37	1.19	-264.99
463.37	464.23	0.86	-261.47
464.23	465.3	1.07	-271.72
465.3	466.38	1.08	-268.88
466.38	467.4	1.02	-265.95
467.4	468.45	1.05	-263.54
468.45	469.32	0.87	-270.77
469.32	470.5	1.18	-261.49
470.5	471.51	1.01	-266.73
471.51	472.57	1.06	-258.81
472.57	473.56	0.99	-263.21
473.56	474.62	1.06	-262.31
474.62	475.65	1.03	-258.49
475.65	476.65	1	-259.65
476.65	477.65	1	999999
477.65	478.75	1.1	-260.72
478.75	479.87	1.12	-260.46
479.87	480.68	0.81	-267.14
480.68	481.67	0.99	-272.24
481.67	482.62	0.95	-268.1
482.62	483.42	0.8	-264.17
483.42	484.43	1.01	-261.25
484.43	485.2	0.77	-263.44
485.2	486.18	0.98	-268.11
486.18	487.19	1.01	-265.94
487.19	488.29	1.1	-267.29
488.29	489.32	1.03	-264.39
489.32	490.04	0.72	-258.8
490.04	491.1	1.06	-263.9
491.1	492.16	1.06	-264.61
492.16	493.24	1.08	-251.24
493.24	494.23	0.99	-262.93
494.23	495.26	1.03	-260.71
495.26	496.27	1.01	999999
496.27	497.23	0.96	-267.49
497.23	498.22	0.99	-259.88
498.22	499.06	0.84	-258.36
499.06	500.12	1.06	-265.74
500.12	501.11	0.99	-263.54
501.11	502.16	1.05	-253.68
502.16	503.05	0.89	-258.97
503.05	504.03	0.98	-266.41
504.03	504.8	0.77	-268.59
504.8	505.72	0.92	-263.11
505.72	506.65	0.93	-268.99
506.65	507.54	0.89	-266.07
507.54	508.55	1.01	-265.31
508.55	509.51	0.96	-267.84
509.51	510.56	1.05	-267.78
510.56	511.49	0.93	-264.36
511.49	512.5	1.01	-267.74
512.5	513.5	1	-263.78
513.5	514.42	0.92	-265.31
514.42	515.39	0.97	-262.37
515.39	516.36	0.97	-262.89
516.36	517.35	0.99	-261.2
517.35	518.35	1	-266.68
518.35	519.44	1.09	-259.35
519.44	520.45	1.01	-267.84
520.45	521.36	0.91	-269.76
521.36	522.36	1	-259.84
522.36	523.4	1.04	-263.62
523.4	524.39	0.99	-258.07
524.39	525.38	0.99	-261.27
525.38	526.37	0.99	-266.12
526.37	527.28	0.91	-270.78
527.28	528.38	1.1	-261.28
528.38	529.44	1.06	-264.24
529.44	530.37	0.93	-260.51
530.37	531.31	0.94	-269.06
531.31	532.24	0.93	-268.34
532.24	533.22	0.98	-269.7
533.22	534.21	0.99	-268.05
534.21	535.25	1.04	-269.87
535.25	536.2	0.95	-262.66
536.2	537.28	1.08	-269.15
537.28	538.21	0.93	-259.29
538.21	539.19	0.98	-262.5
539.19	540.17	0.98	-259.12
540.17	541.08	0.91	-263.7
541.08	542.07	0.99	-255.04
542.07	543.03	0.96	-266.6
543.03	544.03	1	-272.71
544.03	545.04	1.01	-265.23
545.04	546.07	1.03	-267.44
546.07	547.02	0.95	999999
547.02	547.97	0.95	999999
547.97	548.94	0.97	-265.71
548.94	549.81	0.87	-272.14
549.81	550.72	0.91	-261.73
550.72	551.7	0.98	-262.55
551.7	552.65	0.95	999999
552.65	553.72	1.07	-257.64
553.72	554.67	0.95	-261.35
554.67	555.71	1.04	-263.67
555.71	556.67	0.96	-264.54
556.67	557.69	1.02	-269.59
557.69	558.64	0.95	999999
558.64	559.58	0.94	999999
559.58	560.59	1.01	-264.54
560.59	561.47	0.88	-268.91
561.47	562.49	1.02	-267.55
562.49	563.43	0.94	-268.01
563.43	564.4	0.97	-265.63
564.4	565.3	0.9	-260.26
565.3	566.23	0.93	-269.59
566.23	567.12	0.89	-266.86
567.12	568.1	0.98	-275.45
568.1	569	0.9	-275.16
569	569.87	0.87	-274.54
569.87	570.84	0.97	-271.36
570.84	571.83	0.99	-257.98
571.83	572.69	0.86	-261.06
572.69	573.88	1.19	-265.08
573.88	574.72	0.84	-270.23
574.72	575.77	1.05	-264.11
575.77	576.63	0.86	-252.15
576.63	577.34	0.71	-267.53
577.34	578.26	0.92	-275.79
578.26	579.21	0.95	-279.14
579.21	580.21	1	-260.34
580.21	581.11	0.9	-265.39
581.11	582	0.89	-258.25
582	582.92	0.92	-271.26
582.92	583.89	0.97	-276.76
583.89	584.71	0.82	-264.72
584.71	585.55	0.84	-271.09
585.55	586.49	0.94	-263.65
586.49	587.47	0.98	-261.45
587.47	588.3	0.83	-268.81
588.3	589.27	0.97	-264.72
589.27	590.2	0.93	-261.56
590.2	591.06	0.86	-265.85
591.06	591.92	0.86	-262.98
591.92	592.83	0.91	-262.49
592.83	593.84	1.01	-274.41
593.84	594.76	0.92	-267.61
594.76	595.66	0.9	-257.92
595.66	596.67	1.01	-260.72
596.67	597.62	0.95	-267.65
597.62	598.66	1.04	-278.52
598.66	599.56	0.9	-268.65
599.56	600.49	0.93	-260
600.49	601.45	0.96	-271.64
601.45	602.45	1	-272.44
602.45	603.41	0.96	-270.01
603.41	604.28	0.87	-262.43
604.28	605.18	0.9	-269.33
605.18	606.06	0.88	-261.82
606.06	607.05	0.99	-265.7
607.05	607.89	0.84	-277.26
607.89	608.87	0.98	-269.01
608.87	609.84	0.97	-264.68
609.84	610.77	0.93	-269.4
610.77	611.63	0.86	-270.85
611.63	612.45	0.82	-271.31
612.45	613.4	0.95	-261.02
613.4	614.39	0.99	-256.16
614.39	615.43	1.04	-276.25
615.43	616.36	0.93	-259.48
616.36	617.11	0.75	-263.48
617.11	617.9	0.79	-260.24
617.9	618.64	0.74	-268.17
618.64	619.47	0.83	-250.47
619.47	620.28	0.81	-262.07
620.28	621.12	0.84	-266.94
621.12	622.1	0.98	-266.09
622.1	622.98	0.88	-267.93
622.98	623.97	0.99	-276.64
623.97	624.97	1	-265.66
624.97	625.86	0.89	-262.29
625.86	626.76	0.9	-268.52
626.76	627.62	0.86	-270.47
627.62	628.61	0.99	-271.07
628.61	629.61	1	-260.83
629.61	630.58	0.97	-266.58
630.58	631.57	0.99	-268.67
631.57	632.51	0.94	-267.83
632.51	633.44	0.93	-268.89
633.44	634.45	1.01	-265.24
634.45	635.45	1	-261.84
635.45	636.43	0.98	-266.15
636.43	637.33	0.9	-265.43
637.33	638.26	0.93	-266.29
638.26	639.09	0.83	-266.49
639.09	640.06	0.97	-263.53
640.06	641	0.94	-265.67
641	641.91	0.91	-264.29
641.91	642.82	0.91	-266.98
642.82	643.75	0.93	-261.72
643.75	644.65	0.9	-258.12
644.65	645.59	0.94	-267.89
645.59	646.52	0.93	-261.78
646.52	647.42	0.9	-271.43
647.42	648.4	0.98	-266.72
648.4	649.2	0.8	-274.82
649.2	650.16	0.96	-266.76
650.16	651.01	0.85	-270.23
651.01	651.96	0.95	-268.92
651.96	652.9	0.94	-259.81
652.9	653.91	1.01	-258.55
653.91	654.78	0.87	-268.27
654.78	655.8	1.02	-272.25
655.8	656.71	0.91	-264.75
656.71	657.68	0.97	-271.31
657.68	658.67	0.99	-259.63
658.67	659.59	0.92	-267.43
659.59	660.41	0.82	-276.17
660.41	661.3	0.89	-258.19
661.3	662.17	0.87	-272.25
662.17	663.05	0.88	-271.58
663.05	663.97	0.92	-268.93
663.97	664.79	0.82	-271.79
664.79	665.67	0.88	-273.03
665.67	666.64	0.97	-267.59
666.64	667.64	1	-273.12
667.64	668.53	0.89	-273.94
668.53	669.48	0.95	-267.17
669.48	670.37	0.89	-267.89
670.37	671.27	0.9	-264.34
671.27	672.23	0.96	-270.14
672.23	673.13	0.9	-269.66
673.13	674.09	0.96	-266.79
674.09	675	0.91	-260.12
675	675.98	0.98	-264
675.98	676.96	0.98	-271.6
676.96	677.84	0.88	-259.9
677.84	678.69	0.85	-280.99
678.69	679.665	0.975	-262.43
679.665	680.43	0.765	-265.02
680.43	681.3	0.87	-271.5
681.3	682.1	0.8	-260.06
682.1	682.77	0.67	-272.76
682.77	683.62	0.85	-262.05
683.62	684.41	0.79	-259.35
684.41	685.22	0.81	-268.7
685.22	686.06	0.84	-262.98
686.06	686.85	0.79	-268.67
686.85	687.67	0.82	-266.93
687.67	688.37	0.7	-264.71
688.37	689.26	0.89	-267.81
689.26	690.15	0.89	-266.01
690.15	691.08	0.93	-269.83
691.08	691.77	0.69	-271.21
691.77	692.64	0.87	-264.41
692.64	693.56	0.92	-269.2
693.56	694.41	0.85	-263.65
694.41	695.23	0.82	-258.59
695.23	696.06	0.83	-267.51
696.06	696.86	0.8	-268.55
696.86	697.74	0.88	-254.67
697.74	698.64	0.9	-263.36
698.64	699.54	0.9	-268.61
699.54	700.43	0.89	-266.99
700.43	701.47	1.04	-267.35
701.47	702.44	0.97	-258.69
702.44	703.37	0.93	-266.7
703.37	704.41	1.04	-268.79
704.41	705.18	0.77	-274.03
705.18	706.01	0.83	-262.8
706.01	706.72	0.71	-263.3
706.72	707.47	0.75	999999
707.47	708.22	0.75	-265.31
708.22	709.05	0.83	-267.12
709.05	709.88	0.83	-261.69
709.88	710.82	0.94	-267.03
710.82	711.72	0.9	-263.92
711.72	712.65	0.93	-256.92
712.65	713.41	0.76	-264.46
713.41	714.39	0.98	-268.37
714.39	715.2	0.81	-263.79
715.2	716.07	0.87	-265.89
716.07	716.89	0.82	-265.7
716.89	717.77	0.88	-265.5
717.77	718.55	0.78	-261.09
718.55	719.55	1	-268.94
719.55	720.425	0.875	-258.01
720.425	721.23	0.805	-260.31
721.23	722.115	0.885	-258.33
722.115	722.91	0.795	-269.26
722.91	723.689	0.779	999999
723.689	724.57	0.881	-257.31
724.57	725.435	0.865	-267.15
725.435	726.315	0.88	-262.15
726.315	727.22	0.905	-264.44
727.22	728.04	0.82	-263.08
728.04	728.86	0.82	-266.69
728.86	729.635	0.775	-268.4
729.635	730.555	0.92	-262.58
730.555	731.33	0.775	-267.7
731.33	732.258	0.928	999999
732.258	733.056	0.798	999999
733.056	733.915	0.859	-271.36
733.915	734.78	0.865	-264.47
734.78	735.65	0.87	-267.24
735.65	736.54	0.89	-270.46
736.54	737.41	0.87	-270.38
737.41	738.235	0.825	-267.92
738.235	739.03	0.795	-265.18
739.03	739.86	0.83	-266.71
739.86	740.61	0.75	-265.64
740.61	741.43	0.82	-270.97
741.43	742.264	0.834	999999
742.264	743.098	0.834	999999
743.098	743.932	0.834	999999
743.932	744.765	0.833	999999
744.765	745.599	0.834	999999
745.599	746.433	0.834	999999
746.433	747.22	0.787	-266.52
747.22	748.04	0.82	-262.54
748.04	748.905	0.865	-259.08
748.905	749.76	0.855	-263.29
749.76	750.5	0.74	-265.93
750.5	751.385	0.885	-272.67
751.385	752.25	0.865	-271.17
752.25	753.12	0.87	-257.04
753.12	753.905	0.785	-261.88
753.905	754.81	0.905	-262.11
754.81	755.614	0.804	-266.58
755.614	756.49	0.876	-265.21
756.49	757.43	0.94	-260.57
757.43	758.265	0.835	-264.63
758.265	759.145	0.88	-268.74
759.145	759.935	0.79	-271.42
759.935	760.665	0.73	-264.92
760.665	761.52	0.855	-255.2
761.52	762.4	0.88	-265.59
762.4	763.19	0.79	-268.47
763.19	764.035	0.845	-262.38
764.035	764.815	0.78	-262.76
764.815	765.705	0.89	-262.91
765.705	766.52	0.815	-268.9
766.52	767.435	0.915	-257.57
767.435	768.42	0.985	-260.58
768.42	769.242	0.822	-263.68
769.242	770.073	0.831	999999
770.073	770.95	0.877	-269.17
770.95	771.79	0.84	-262.22
771.79	772.66	0.87	-260.88
772.66	773.425	0.765	-263.89
773.425	774.115	0.69	-269.33
774.115	774.96	0.845	-269.69
774.96	775.815	0.855	-258.98
775.815	776.65	0.835	-262.17
776.65	777.485	0.835	-262.77
777.485	778.255	0.77	-273.09
778.255	779.14	0.885	-272.45
779.14	779.99	0.85	-268.7
779.99	780.8	0.81	-256.49
780.8	781.51	0.71	-261.15
781.51	782.34	0.83	-259.76
782.34	783.24	0.9	-255.57
783.24	784.055	0.815	-277.67
784.055	784.93	0.875	-271.44
784.93	785.87	0.94	-265.11
785.87	786.77	0.9	-258.26
786.77	787.72	0.95	-266.67
787.72	788.523	0.803	-248.5
788.523	789.32	0.797	-265.03
789.32	790.19	0.87	-267.82
790.19	790.96	0.77	-265.1
790.96	791.84	0.88	-263.18
791.84	792.64	0.8	-256.31
792.64	793.445	0.805	-266.55
793.445	794.26	0.815	-267.32
794.26	795.07	0.81	-269.07
795.07	795.94	0.87	-264.22
795.94	796.81	0.87	-264.89
796.81	797.635	0.825	-266.71
797.635	798.46	0.825	-264.15
798.46	799.255	0.795	-262.21
799.255	800.115	0.86	-262.42
800.115	800.969	0.854	-268.3
800.969	801.741	0.772	999999
801.741	802.58	0.839	-264.92
802.58	803.525	0.945	-267.26
803.525	804.345	0.82	-271.36
804.345	805.17	0.825	-263.99
805.17	806.015	0.845	-267.67
806.015	806.905	0.89	-267.88
806.905	807.685	0.78	-269.32
807.685	808.468	0.783	-265.52
808.468	809.245	0.777	-269.76
809.245	810.09	0.845	-269.13
810.09	810.95	0.86	-260.53
810.95	811.76	0.81	-258.12
811.76	812.481	0.721	-269.52
812.481	813.308	0.827	999999
813.308	814.14	0.832	-263.51
814.14	814.97	0.83	-268.51
814.97	815.865	0.895	-262.5
815.865	816.7	0.835	-269.99
816.7	817.545	0.845	-263.23
817.545	818.365	0.82	-266.9
818.365	819.075	0.71	-270.56
819.075	819.925	0.85	-266.25
819.925	820.69	0.765	-266.56
820.69	821.51	0.82	-266.52
821.51	822.35	0.84	-255.48
822.35	823.142	0.792	-265.17
823.142	823.95	0.808	999999
823.95	824.758	0.808	999999
824.758	825.54	0.782	-261.91
825.54	826.345	0.805	-260.54
826.345	827.2	0.855	-271.19
827.2	827.98	0.78	-261.31
827.98	828.76	0.78	-266.52
828.76	829.635	0.875	-272.18
829.635	830.34	0.705	-272.82
830.34	831.015	0.675	-271.96
831.015	831.825	0.81	-264.7
831.825	832.665	0.84	-262.6
832.665	833.495	0.83	-274.05
833.495	834.24	0.745	-262.26
834.24	835.055	0.815	-269.08
835.055	835.81	0.755	-257.85
835.81	836.605	0.795	-261.03
836.605	837.459	0.854	-265.6
837.459	838.255	0.796	-256.49
838.255	839.12	0.865	-268.09
839.12	839.925	0.805	-257.3
839.925	840.675	0.75	-256.52
840.675	841.4	0.725	-261.1
841.4	842.115	0.715	-272.55
842.115	842.91	0.795	-267.18
842.91	843.746	0.836	-264.42
843.746	844.55	0.804	-266.4
844.55	845.41	0.86	-267.15
845.41	846.167	0.757	-265.48
846.167	846.95	0.783	999999
846.95	847.733	0.783	999999
847.733	848.56	0.827	-258.84
848.56	849.305	0.745	-261.2
849.305	850.05	0.745	-267.57
850.05	850.825	0.775	-259.4
850.825	851.56	0.735	-267.64
851.56	852.355	0.795	-269.89
852.355	853.18	0.825	-264.94
853.18	854.015	0.835	-263.5
854.015	854.755	0.74	-267.04
854.755	855.555	0.8	-256.49
855.555	856.335	0.78	-266.81
856.335	857.083	0.748	-268.39
857.083	857.85	0.767	-265.1
857.85	858.58	0.73	-259.31
858.58	859.365	0.785	-259.1
859.365	860.125	0.76	-273.69
860.125	860.93	0.805	-270.06
860.93	861.73	0.8	-266.56
861.73	862.55	0.82	-267.85
862.55	863.4	0.85	-266.13
863.4	864.26	0.86	-255.4
864.26	865.085	0.825	-270.69
865.085	865.885	0.8	-259.75
865.885	866.7	0.815	-255.19
866.7	867.475	0.775	-266.36
867.475	868.29	0.815	-266
868.29	869.075	0.785	-258.66
869.075	869.89	0.815	-257.92
869.89	870.7	0.81	999999
870.7	871.485	0.785	-263.82
871.485	872.265	0.78	-258.08
872.265	873.145	0.88	-265.35
873.145	873.915	0.77	-263.5
873.915	874.75	0.835	-259.43
874.75	875.57	0.82	-267.46
875.57	876.36	0.79	-260.08
876.36	877.045	0.685	-265.58
877.045	877.75	0.705	-265.88
877.75	878.565	0.815	-269.06
878.565	879.29	0.725	-260.24
879.29	880.08	0.79	-260.26
880.08	880.955	0.875	-264.67
880.955	881.725	0.77	-256.46
881.725	882.495	0.77	-266.88
882.495	883.3	0.805	-266.81
883.3	884.085	0.785	-257.87
884.085	884.94	0.855	-265.47
884.94	885.78	0.84	-264.57
885.78	886.57	0.79	-265.17
886.57	887.34	0.77	-264.96
887.34	888.12	0.78	-259.7
888.12	888.93	0.81	-269.29
888.93	889.615	0.685	-266.4
889.615	890.44	0.825	-259.76
890.44	891.254	0.814	-252.99
891.254	892.067	0.813	999999
892.067	892.815	0.748	-276.27
892.815	893.505	0.69	-262.21
893.505	894.32	0.815	-262.84
894.32	895.1	0.78	-273.55
895.1	895.95	0.85	-268.2
895.95	896.67	0.72	-275.1
896.67	897.49	0.82	-258.82
897.49	898.28	0.79	-264.16
898.28	899.06	0.78	-266.62
899.06	899.845	0.785	-276.02
899.845	900.665	0.82	-284.03
900.665	901.37	0.705	-258.43
901.37	902.11	0.74	-267.14
902.11	902.97	0.86	-259.48
902.97	903.75	0.78	-260.99
903.75	904.58	0.83	-274.46
904.58	905.335	0.755	-274.67
905.335	906.06	0.725	-268.55
906.06	906.895	0.835	-262.76
906.895	907.695	0.8	-257.92
907.695	908.455	0.76	-262.86
908.455	909.36	0.905	-263.99
909.36	910.07	0.71	-258.26
910.07	910.865	0.795	-270.68
910.865	911.655	0.79	-268.71
911.655	912.43	0.775	-258.25
912.43	913.203	0.773	999999
913.203	913.975	0.772	999999
913.975	914.84	0.865	-270.76
914.84	915.525	0.685	-259.77
915.525	916.245	0.72	-266.36
916.245	917.01	0.765	-267.28
917.01	917.775	0.765	-267.34
917.775	918.53	0.755	-266.34
918.53	919.245	0.715	-264.61
919.245	920.12	0.875	-259.5
920.12	920.805	0.685	-266.07
920.805	921.65	0.845	-253.94
921.65	922.44	0.79	-269.7
922.44	923.13	0.69	-266.94
923.13	923.92	0.79	-260.99
923.92	924.54	0.62	-272.88
924.54	925.3	0.76	-262.48
925.3	926.11	0.81	-268.4
926.11	926.96	0.85	-258.1
926.96	927.68	0.72	-258.12
927.68	928.38	0.7	-266.97
928.38	929.19	0.81	-264.49
929.19	930.03	0.84	-267.44
930.03	930.785	0.755	-263.04
930.785	931.525	0.74	-273.23
931.525	932.295	0.77	-266.96
932.295	933.05	0.755	-266.31
933.05	933.82	0.77	-265.87
933.82	934.557	0.737	-270.97
934.557	935.26	0.703	-280.49
935.26	936.05	0.79	-265.21
936.05	936.825	0.775	-271.09
936.825	937.645	0.82	-261.38
937.645	938.42	0.775	-271.02
938.42	939.192	0.772	-268.56
939.192	939.945	0.753	-260.23
939.945	940.645	0.7	-271.37
940.645	941.475	0.83	-276.45
941.475	942.16	0.685	-271.88
942.16	943.01	0.85	-259.55
943.01	943.925	0.915	-262.77
943.925	944.705	0.78	-267.53
944.705	945.51	0.805	-262.69
945.51	946.24	0.73	-261.78
946.24	946.925	0.685	-272.52
946.925	947.6	0.675	-266.17
947.6	948.355	0.755	-266.33
948.355	949.04	0.685	-272.19
949.04	949.97	0.93	-261.74
949.97	950.82	0.85	-259.81
950.82	951.59	0.77	-262.32
951.59	952.32	0.73	-274.08
952.32	953.03	0.71	-272.93
953.03	953.795	0.765	-267.6
953.795	954.515	0.72	-266.33
954.515	955.205	0.69	-269.76
955.205	955.945	0.74	-265.43
955.945	956.78	0.835	-268.45
956.78	957.525	0.745	-261.11
957.525	958.265	0.74	-278.31
958.265	958.94	0.675	-262.51
958.94	959.643	0.703	-254.73
959.643	960.367	0.724	999999
960.367	961.065	0.698	-271.49
961.065	961.86	0.795	-262.08
961.86	962.675	0.815	-266.28
962.675	963.436	0.761	-263.67
963.436	964.187	0.751	999999
964.187	964.939	0.752	999999
964.939	965.685	0.746	999999
965.685	966.445	0.76	-267.33
966.445	967.26	0.815	-266.16
967.26	968.06	0.8	-271.23
968.06	968.79	0.73	-265.27
968.79	969.535	0.745	-271.25
969.535	970.315	0.78	-264.03
970.315	971.11	0.795	-258.33
971.11	971.83	0.72	-268.14
971.83	972.615	0.785	-260.29
972.615	973.35	0.735	-258.66
973.35	974.09	0.74	-265.11
974.09	974.91	0.82	-266.88
974.91	975.59	0.68	-266.3
975.59	976.34	0.75	-267.65
976.34	977.106	0.766	-269.77
977.106	977.925	0.819	-263
977.925	978.6	0.675	-257.01
978.6	979.4	0.8	-261.91
979.4	980.16	0.76	-271.91
980.16	980.865	0.705	-268.69
980.865	981.655	0.79	-268.11
981.655	982.43	0.775	-261.88
982.43	983.175	0.745	-265.88
983.175	983.945	0.77	-254.72
983.945	984.79	0.845	-271.17
984.79	985.57	0.78	-263.17
985.57	986.24	0.67	-264.44
986.24	986.975	0.735	-269.94
986.975	987.665	0.69	-264.48
987.665	988.35	0.685	-265.62
988.35	989.105	0.755	-266.96
989.105	989.787	0.682	-263.03
989.787	990.505	0.718	-263.64
990.505	991.245	0.74	-266.88
991.245	992.05	0.805	-266.08
992.05	992.77	0.72	-254.08
992.77	993.455	0.685	-261.46
993.455	994.1	0.645	-257.88
994.1	994.85	0.75	-268.89
994.85	995.585	0.735	-260.07
995.585	996.365	0.78	-262.47
996.365	997.155	0.79	-258.04
997.155	997.88	0.725	-265.2
997.88	998.65	0.77	-259.5
998.65	999.355	0.705	-256.87
999.355	1000.175	0.82	-262.74
1000.175	1000.83	0.655	-257.75
1000.83	1001.505	0.675	-262.45
1001.505	1002.185	0.68	-269.16
1002.185	1002.9	0.715	-271.1
1002.9	1003.59	0.69	-264.26
1003.59	1004.395	0.805	-265.17
1004.395	1005.085	0.69	-268.34
1005.085	1005.8	0.715	-263.27
1005.8	1006.57	0.77	-247.28
1006.57	1007.35	0.78	-261.83
1007.35	1008.065	0.715	-267.27
1008.065	1008.705	0.64	-264.76
1008.705	1009.37	0.665	-264.7
1009.37	1010.12	0.75	-262.87
1010.12	1010.85	0.73	-261.38
1010.85	1011.58	0.73	-256.04
1011.58	1012.33	0.75	-267.52
1012.33	1013.07	0.74	-269.2
1013.07	1013.76	0.69	-266.58
1013.76	1014.475	0.715	-259.65
1014.475	1015.11	0.635	-273.02
1015.11	1015.87	0.76	-261.38
1015.87	1016.61	0.74	-262.2
1016.61	1017.33	0.72	-263.15
1017.33	1018.055	0.725	-257.82
1018.055	1018.79	0.735	-268.09
1018.79	1019.43	0.64	-264.72
1019.43	1020.08	0.65	-261.34
1020.08	1020.815	0.735	-264.21
1020.815	1021.53	0.715	-264.63
1021.53	1022.2	0.67	-256.99
1022.2	1022.905	0.705	-264.58
1022.905	1023.615	0.71	-267.31
1023.615	1024.35	0.735	-263.96
1024.35	1025.01	0.66	-264.58
1025.01	1025.685	0.675	-257.71
1025.685	1026.5	0.815	-272.96
1026.5	1027.18	0.68	-266.6
1027.18	1028	0.82	-256.41
1028	1028.735	0.735	-261.17
1028.735	1029.415	0.68	-264.24
1029.415	1030.07	0.655	-267.67
1030.07	1030.783	0.713	999999
1030.783	1031.498	0.715	999999
1031.498	1032.214	0.716	999999
1032.214	1032.93	0.716	-270.34
1032.93	1033.6	0.67	-259.19
1033.6	1034.255	0.655	-275.94
1034.255	1034.925	0.67	-268.84
1034.925	1035.59	0.665	-266.19
1035.59	1036.26	0.67	-264.24
1036.26	1036.955	0.695	-267.36
1036.955	1037.665	0.71	-261.27
1037.665	1038.325	0.66	-264.43
1038.325	1038.95	0.625	-269.92
1038.95	1039.68	0.73	-267.78
1039.68	1040.38	0.7	-265.74
1040.38	1041.095	0.715	-260.69
1041.095	1041.81	0.715	-261.75
1041.81	1042.575	0.765	-272.26
1042.575	1043.29	0.715	-273.14
1043.29	1043.99	0.7	-271.32
1043.99	1044.66	0.67	-265.24
1044.66	1045.38	0.72	-266.87
1045.38	1046.11	0.73	-269.11
1046.11	1046.85	0.74	-265.7
1046.85	1047.61	0.76	-273.48
1047.61	1048.355	0.745	-260.01
1048.355	1049.1	0.745	-264.24
1049.1	1049.83	0.73	-269.83
1049.83	1050.495	0.665	-262.48
1050.495	1051.175	0.68	-273.38
1051.175	1051.86	0.685	-254.36
1051.86	1052.575	0.715	-252.03
1052.575	1053.29	0.715	-267.25
1053.29	1053.89	0.6	-257.52
1053.89	1054.51	0.62	-260.41
1054.51	1055.26	0.75	-259.48
1055.26	1055.945	0.685	-270.11
1055.945	1056.615	0.67	-260.28
1056.615	1057.28	0.665	-261.42
1057.28	1058.04	0.76	-266.42
1058.04	1058.645	0.605	-272.79
1058.645	1059.405	0.76	-267.4
1059.405	1060.07	0.665	-267.89
1060.07	1060.65	0.58	-261.94
1060.65	1061.355	0.705	-260.31
1061.355	1062.06	0.705	-265.18
1062.06	1062.69	0.63	-267.48
1062.69	1063.23	0.54	-258.85
1063.23	1064.015	0.785	-259.74
1064.015	1064.665	0.65	-267.13
1064.665	1065.35	0.685	-265.37
1065.35	1065.955	0.605	-263.4
1065.955	1066.645	0.69	-271.07
1066.645	1067.31	0.665	-271.21
1067.31	1068.025	0.715	-260.06
1068.025	1068.735	0.71	-260.55
1068.735	1069.395	0.66	-261.95
1069.395	1070.045	0.65	-268.12
1070.045	1070.74	0.695	-257.67
1070.74	1071.39	0.65	-261.32
1071.39	1072.04	0.65	-264.31
1072.04	1072.74	0.7	-267.7
1072.74	1073.485	0.745	-264.19
1073.485	1074.255	0.77	-261.71
1074.255	1074.85	0.595	-265.24
1074.85	1075.46	0.61	-258.17
1075.46	1076.175	0.715	-258.66
1076.175	1076.895	0.72	-261.36
1076.895	1077.59	0.695	-271.5
1077.59	1078.255	0.665	-266.35
1078.255	1078.915	0.66	-268.81
1078.915	1079.515	0.6	-263.61
1079.515	1080.165	0.65	-256.57
1080.165	1080.85	0.685	-264.95
1080.85	1081.39	0.54	-258.34
1081.39	1082.12	0.73	-265.32
1082.12	1082.77	0.65	-268.66
1082.77	1083.485	0.715	-269.28
1083.485	1084.13	0.645	-262.33
1084.13	1084.78	0.65	-265.55
1084.78	1085.445	0.665	-272.06
1085.445	1086.06	0.615	-266.95
1086.06	1086.63	0.57	-271.47
1086.63	1087.225	0.595	-265.96
1087.225	1087.85	0.625	-254.33
1087.85	1088.5	0.65	-275.93
1088.5	1089.14	0.64	-255.92
1089.14	1089.745	0.605	-265.98
1089.745	1090.41	0.665	-273.61
1090.41	1091.01	0.6	-263.15
1091.01	1091.67	0.66	-269.23
1091.67	1092.3	0.63	-264.45
1092.3	1092.94	0.64	-262.17
1092.94	1093.505	0.565	-267.12
1093.505	1094.22	0.715	-266.97
1094.22	1094.865	0.645	-266.58
1094.865	1095.42	0.555	-272.77
1095.42	1096.035	0.615	-264.93
1096.035	1096.69	0.655	-264.39
1096.69	1097.225	0.535	-264.59
1097.225	1097.865	0.64	-267.56
1097.865	1098.515	0.65	-275.07
1098.515	1099.172	0.657	-271.11
1099.172	1099.865	0.693	-266.58
1099.865	1100.52	0.655	-262.99
1100.52	1101.06	0.54	-263.68
1101.06	1101.695	0.635	-262.05
1101.695	1102.37	0.675	-261.18
1102.37	1103.035	0.665	-267.31
1103.035	1103.64	0.605	-263.56
1103.64	1104.375	0.735	-260.55
1104.375	1105.075	0.7	-261.16
1105.075	1105.775	0.7	-270.97
1105.775	1106.39	0.615	-269.11
1106.39	1107.085	0.695	-268.33
1107.085	1107.645	0.56	-270.75
1107.645	1108.27	0.625	-269.05
1108.27	1108.955	0.685	-259.73
1108.955	1109.635	0.68	-273.19
1109.635	1110.28	0.645	-265.02
1110.28	1110.88	0.6	-255.77
1110.88	1111.585	0.705	-257.81
1111.585	1112.28	0.695	-263.65
1112.28	1112.94	0.66	-268.04
1112.94	1113.6	0.66	-262.18
1113.6	1114.295	0.695	-259.52
1114.295	1114.93	0.635	-272.2
1114.93	1115.625	0.695	-258.95
1115.625	1116.285	0.66	-250.08
1116.285	1116.96	0.675	-268.41
1116.96	1117.57	0.61	-265.25
1117.57	1118.215	0.645	-262.92
1118.215	1118.925	0.71	-264.97
1118.925	1119.56	0.635	-258.31
1119.56	1120.23	0.67	-260.95
1120.23	1120.88	0.65	-257.99
1120.88	1121.53	0.65	-249.85
1121.53	1122.21	0.68	-264.05
1122.21	1122.84	0.63	-276.02
1122.84	1123.51	0.67	-256.76
1123.51	1124.15	0.64	-257.44
1124.15	1124.92	0.77	-263.25
1124.92	1125.56	0.64	-270.01
1125.56	1126.39	0.83	-263.43
1126.39	1126.99	0.6	-262.58
1126.99	1127.63	0.64	-262.64
1127.63	1128.3	0.67	-253.13
1128.3	1128.985	0.685	-262.95
1128.985	1129.62	0.635	-268.75
1129.62	1130.26	0.64	-264.25
1130.26	1130.95	0.69	-257.89
1130.95	1131.57	0.62	-259.67
1131.57	1132.19	0.62	-264.4
1132.19	1132.875	0.685	-265.82
1132.875	1133.575	0.7	-265.22
1133.575	1134.19	0.615	-260.43
1134.19	1134.82	0.63	-267.18
1134.82	1135.425	0.605	-267.22
1135.425	1136.08	0.655	-259.19
1136.08	1136.745	0.665	999999
1136.745	1137.395	0.65	-271.46
1137.395	1138.01	0.615	-265.34
1138.01	1138.62	0.61	-254.03
1138.62	1139.285	0.665	-261.17
1139.285	1139.89	0.605	-256.69
1139.89	1140.45	0.56	-257.36
1140.45	1141.04	0.59	-265.26
1141.04	1141.71	0.67	-270.32
1141.71	1142.345	0.635	-268.15
1142.345	1142.89	0.545	-263.03
1142.89	1143.525	0.635	-271.19
1143.525	1144.2	0.675	-266.61
1144.2	1144.86	0.66	-264.35
1144.86	1145.475	0.615	-260.26
1145.475	1146.05	0.575	-264.37
1146.05	1146.72	0.67	-264.84
1146.72	1147.39	0.67	-266.54
1147.39	1148.145	0.755	-254.26
1148.145	1148.87	0.725	-266.32
1148.87	1149.57	0.7	-265.75
1149.57	1150.3	0.73	-261.24
1150.3	1150.92	0.62	-264.96
1150.92	1151.52	0.6	-273.01
1151.52	1152.13	0.61	-265.2
1152.13	1152.755	0.625	-267.48
1152.755	1153.33	0.575	-265.62
1153.33	1153.94	0.61	-267.28
1153.94	1154.58	0.64	-255.01
1154.58	1155.26	0.68	-260.12
1155.26	1155.88	0.62	-268.26
1155.88	1156.52	0.64	-269.32
1156.52	1157.115	0.595	-265.49
1157.115	1157.73	0.615	-270.23
1157.73	1158.35	0.62	-271.41
1158.35	1158.96	0.61	-265.46
1158.96	1159.52	0.56	-266.69
1159.52	1160.11	0.59	-269.45
1160.11	1160.75	0.64	-266.5
1160.75	1161.36	0.61	-271.99
1161.36	1161.98	0.62	-267.27
1161.98	1162.545	0.565	-258.27
1162.545	1163.195	0.65	-265.21
1163.195	1163.83	0.635	-270.67
1163.83	1164.505	0.675	-269.45
1164.505	1165.14	0.635	-281.44
1165.14	1165.9	0.76	-273.79
1165.9	1166.49	0.59	-270.25
1166.49	1167.11	0.62	-275.48
1167.11	1167.705	0.595	-273.04
1167.705	1168.31	0.605	-267.97
1168.31	1168.97	0.66	-261.93
1168.97	1169.635	0.665	-264.52
1169.635	1170.325	0.69	-270.53
1170.325	1170.89	0.565	-270.59
1170.89	1171.575	0.685	-258.71
1171.575	1172.23	0.655	-267.71
1172.23	1172.88	0.65	-269.82
1172.88	1173.58	0.7	-259.84
1173.58	1174.18	0.6	-269.96
1174.18	1174.805	0.625	-268.59
1174.805	1175.46	0.655	-260.02
1175.46	1176.09	0.63	-271.24
1176.09	1176.825	0.735	-269.07
1176.825	1177.505	0.68	-262.18
1177.505	1178.139	0.634	-265.52
1178.139	1178.725	0.586	-271.29
1178.725	1179.325	0.6	-264.35
1179.325	1179.945	0.62	-264.13
1179.945	1180.567	0.622	-260.89
1180.567	1181.197	0.63	999999
1181.197	1181.828	0.631	999999
1181.828	1182.458	0.63	999999
1182.458	1183.09	0.632	-261.85
1183.09	1183.74	0.65	-266.83
1183.74	1184.38	0.64	-265.4
1184.38	1184.975	0.595	-263.79
1184.975	1185.6	0.625	-272.6
1185.6	1186.25	0.65	-268.47
1186.25	1186.84	0.59	-261.39
1186.84	1187.48	0.64	-264.46
1187.48	1188.165	0.685	-265.25
1188.165	1188.76	0.595	-272.39
1188.76	1189.35	0.59	-263.81
1189.35	1189.98	0.63	-264.56
1189.98	1190.56	0.58	-280.74
1190.56	1191.19	0.63	-261.38
1191.19	1191.895	0.705	-266.85
1191.895	1192.53	0.635	-262.78
1192.53	1193.2	0.67	-260.31
1193.2	1193.815	0.615	-269.65
1193.815	1194.435	0.62	-274.24
1194.435	1195.045	0.61	-264.74
1195.045	1195.655	0.61	-269.8
1195.655	1196.267	0.612	-267.65
1196.267	1196.955	0.688	-260.26
1196.955	1197.565	0.61	-268.08
1197.565	1198.26	0.695	-262.23
1198.26	1198.87	0.61	-269.77
1198.87	1199.57	0.7	-264.62
1199.57	1200.275	0.705	-269.11
1200.275	1200.865	0.59	-277.05
1200.865	1201.525	0.66	-271.57
1201.525	1202.12	0.595	-265.1
1202.12	1202.73	0.61	-267.38
1202.73	1203.32	0.59	-272.07
1203.32	1203.995	0.675	-262.75
1203.995	1204.63	0.635	-262.48
1204.63	1205.28	0.65	-264.89
1205.28	1205.97	0.69	-266.6
1205.97	1206.58	0.61	-263.81
1206.58	1207.215	0.635	-262.62
1207.215	1207.84	0.625	-268.43
1207.84	1208.51	0.67	-273.18
1208.51	1209.11	0.6	-262.81
1209.11	1209.64	0.53	-267.96
1209.64	1210.255	0.615	-270.53
1210.255	1210.885	0.63	-258.01
1210.885	1211.66	0.775	-257.38
1211.66	1212.21	0.55	-267.92
1212.21	1212.89	0.68	-265.71
1212.89	1213.465	0.575	-267.24
1213.465	1214.12	0.655	-263.54
1214.12	1214.735	0.615	-269.88
1214.735	1215.315	0.58	-271.43
1215.315	1215.93	0.615	-264.84
1215.93	1216.54	0.61	-268.39
1216.54	1217.175	0.635	-265.17
1217.175	1217.84	0.665	-267.37
1217.84	1218.46	0.62	-256.38
1218.46	1219.01	0.55	-272.26
1219.01	1219.591	0.581	-268.14
1219.591	1220.24	0.649	-264.1
1220.24	1220.83	0.59	-268.56
1220.83	1221.475	0.645	-270.95
1221.475	1222.09	0.615	-267.8
1222.09	1222.695	0.605	-262.21
1222.695	1223.28	0.585	-267.14
1223.28	1223.87	0.59	-262.45
1223.87	1224.475	0.605	-254.89
1224.475	1225.01	0.535	-260.58
1225.01	1225.65	0.64	-260.02
1225.65	1226.24	0.59	-256.45
1226.24	1226.86	0.62	-262.18
1226.86	1227.44	0.58	-265.01
1227.44	1228.04	0.6	-264.84
1228.04	1228.61	0.57	-267.02
1228.61	1229.15	0.54	-258.29
1229.15	1229.685	0.535	-264.71
1229.685	1230.255	0.57	-257.67
1230.255	1230.885	0.63	-262.72
1230.885	1231.52	0.635	-260.4
1231.52	1232.075	0.555	-265.16
1232.075	1232.67	0.595	-260.48
1232.67	1233.365	0.695	-264.17
1233.365	1233.91	0.545	-262.46
1233.91	1234.495	0.585	-267.93
1234.495	1235.1	0.605	-262.72
1235.1	1235.725	0.625	-260.71
1235.725	1236.35	0.625	-265.58
1236.35	1236.985	0.635	-264.08
1236.985	1237.68	0.695	-266.23
1237.68	1238.3	0.62	-269.42
1238.3	1238.955	0.655	-262.78
1238.955	1239.545	0.59	-271.81
1239.545	1240.095	0.55	-280.85
1240.095	1240.7	0.605	-263.82
1240.7	1241.305	0.605	-261
1241.305	1241.94	0.635	-260.82
1241.94	1242.555	0.615	-256.3
1242.555	1243.18	0.625	-260.95
1243.18	1243.795	0.615	-260.88
1243.795	1244.35	0.555	-270.25
1244.35	1244.975	0.625	-262.04
1244.975	1245.62	0.645	-265.46
1245.62	1246.25	0.63	-266.8
1246.25	1246.81	0.56	-279.11
1246.81	1247.34	0.53	-263.76
1247.34	1247.98	0.64	-271.57
1247.98	1248.54	0.56	-268.91
1248.54	1249.07	0.53	-264.69
1249.07	1249.695	0.625	-262.25
1249.695	1250.22	0.525	-263.09
1250.22	1250.8	0.58	-264.21
1250.8	1251.475	0.675	-268.65
1251.475	1252.06	0.585	-264.31
1252.06	1252.56	0.5	-274.2
1252.56	1253.19	0.63	-267.95
1253.19	1253.76	0.57	-270.4
1253.76	1254.35	0.59	-263.67
1254.35	1254.945	0.595	-264.72
1254.945	1255.55	0.605	-264.59
1255.55	1256.11	0.56	-273.39
1256.11	1256.605	0.495	-269.14
1256.605	1257.18	0.575	-272.48
1257.18	1257.85	0.67	-267.86
1257.85	1258.42	0.57	-269.89
1258.42	1258.955	0.535	-279.17
1258.955	1259.53	0.575	-268.45
1259.53	1260.09	0.56	-261.88
1260.09	1260.685	0.595	-277.69
1260.685	1261.3	0.615	-271.34
1261.3	1261.925	0.625	-261.9
1261.925	1262.5	0.575	-266.27
1262.5	1263.042	0.542	-265.34
1263.042	1263.621	0.579	999999
1263.621	1264.2	0.579	-265.55
1264.2	1264.79	0.59	-275.13
1264.79	1265.34	0.55	-266.71
1265.34	1265.97	0.63	-263.68
1265.97	1266.58	0.61	-265.7
1266.58	1267.16	0.58	-269.88
1267.16	1267.74	0.58	-271.58
1267.74	1268.33	0.59	-268.4
1268.33	1268.915	0.585	-263.19
1268.915	1269.535	0.62	-262.58
1269.535	1270.11	0.575	-272.58
1270.11	1270.67	0.56	-277.85
1270.67	1271.265	0.595	-273.51
1271.265	1271.94	0.675	-268.35
1271.94	1272.58	0.64	-272.57
1272.58	1273.23	0.65	-252.73
1273.23	1273.88	0.65	-260.13
1273.88	1274.375	0.495	-265.72
1274.375	1274.915	0.54	-264.84
1274.915	1275.47	0.555	-273.08
1275.47	1276.085	0.615	-273.12
1276.085	1276.68	0.595	-262.55
1276.68	1277.26	0.58	-263.63
1277.26	1277.835	0.575	-266.92
1277.835	1278.35	0.515	-271.36
1278.35	1278.93	0.58	-269.02
1278.93	1279.515	0.585	-270.37
1279.515	1280.16	0.645	-272.99
1280.16	1280.76	0.6	-271.45
1280.76	1281.27	0.51	-277.74
1281.27	1281.885	0.615	-258.25
1281.885	1282.375	0.49	-266.32
1282.375	1282.98	0.605	-254.95
1282.98	1283.51	0.53	-251.22
1283.51	1284.05	0.54	-275.25
1284.05	1284.63	0.58	-264.71
1284.63	1285.22	0.59	-269.94
1285.22	1285.8	0.58	-267.94
1285.8	1286.384	0.584	-262.74
1286.384	1286.99	0.606	-280.55
1286.99	1287.635	0.645	-265.17
1287.635	1288.21	0.575	-268.94
1288.21	1288.835	0.625	-264.08
1288.835	1289.42	0.585	-264.59
1289.42	1289.97	0.55	-275.92
1289.97	1290.55	0.58	-256.94
1290.55	1291.07	0.52	-268.4
1291.07	1291.65	0.58	-255.5
1291.65	1292.27	0.62	-266.35
1292.27	1292.86	0.59	-260.17
1292.86	1293.37	0.51	-265.72
1293.37	1294.02	0.65	-259.8
1294.02	1294.62	0.6	-272.58
1294.62	1295.18	0.56	-259.26
1295.18	1295.81	0.63	-261.37
1295.81	1296.4	0.59	-267
1296.4	1297.05	0.65	-271.78
1297.05	1297.62	0.57	-264.28
1297.62	1298.23	0.61	-253.16
1298.23	1298.78	0.55	-264.68
1298.78	1299.38	0.6	-271.15
1299.38	1299.97	0.59	-264.72
1299.97	1300.53	0.56	-257.55
1300.53	1301.07	0.54	-260.23
1301.07	1301.65	0.58	-261.67
1301.65	1302.22	0.57	-269.99
1302.22	1302.85	0.63	-266.91
1302.85	1303.44	0.59	-262.94
1303.44	1304.065	0.625	-264.43
1304.065	1304.65	0.585	-262.48
1304.65	1305.27	0.62	-263.71
1305.27	1305.85	0.58	-266.57
1305.85	1306.45	0.6	-260.14
1306.45	1307.055	0.605	-266.5
1307.055	1307.6	0.545	-266.59
1307.6	1308.175	0.575	-264.77
1308.175	1308.71	0.535	-270.54
1308.71	1309.28	0.57	-267.09
1309.28	1309.9	0.62	-258.81
1309.9	1310.47	0.57	-269.72
1310.47	1311.02	0.55	-268.09
1311.02	1311.62	0.6	-264.81
1311.62	1312.23	0.61	-268.45
1312.23	1312.8	0.57	-273.88
1312.8	1313.32	0.52	-275.85
1313.32	1313.88	0.56	-272.57
1313.88	1314.465	0.585	-262.67
1314.465	1315.025	0.56	-268.25
1315.025	1315.52	0.495	-261.74
1315.52	1316.105	0.585	-265.18
1316.105	1316.705	0.6	-272.49
1316.705	1317.29	0.585	-267.58
1317.29	1317.92	0.63	-260.81
1317.92	1318.51	0.59	-264.09
1318.51	1319.11	0.6	-265.52
1319.11	1319.75	0.64	-260.15
1319.75	1320.34	0.59	-263.05
1320.34	1320.93	0.59	-258.99
1320.93	1321.515	0.585	-263.93
1321.515	1322.065	0.55	-265.58
1322.065	1322.7	0.635	-269.9
1322.7	1323.29	0.59	-258.57
1323.29	1323.85	0.56	-263.91
1323.85	1324.465	0.615	-262.26
1324.465	1325	0.535	-254.89
1325	1325.54	0.54	-258.04
1325.54	1326.1	0.56	-264.69
1326.1	1326.625	0.525	-268.2
1326.625	1327.155	0.53	-269.98
1327.155	1327.75	0.595	-264.63
1327.75	1328.365	0.615	-258.08
1328.365	1328.935	0.57	-266.24
1328.935	1329.535	0.6	-260.89
1329.535	1330.12	0.585	-263.71
1330.12	1330.68	0.56	-266.65
1330.68	1331.21	0.53	-260.37
1331.21	1331.72	0.51	-256.21
1331.72	1332.295	0.575	-261.99
1332.295	1332.94	0.645	-258.98
1332.94	1333.52	0.58	-261.27
1333.52	1334.175	0.655	-263.77
1334.175	1334.765	0.59	-260.65
1334.765	1335.345	0.58	-258.17
1335.345	1335.905	0.56	-254.89
1335.905	1336.46	0.555	-266.03
1336.46	1336.95	0.49	-271.29
1336.95	1337.48	0.53	-260.15
1337.48	1338.055	0.575	-256.86
1338.055	1338.625	0.57	-256.54
1338.625	1339.215	0.59	-256.2
1339.215	1339.81	0.595	-253.77
1339.81	1340.37	0.56	-263.36
1340.37	1340.955	0.585	-261.05
1340.955	1341.565	0.61	-243.66
1341.565	1342.13	0.565	-266.5
1342.13	1342.74	0.61	-262.77
1342.74	1343.31	0.57	-257.41
1343.31	1343.87	0.56	-259.16
1343.87	1344.48	0.61	-254
1344.48	1345.03	0.55	-253.72
1345.03	1345.61	0.58	-264.31
1345.61	1346.23	0.62	-259.77
1346.23	1346.84	0.61	-271.39
1346.84	1347.36	0.52	-257.13
1347.36	1348.02	0.66	-250.6
1348.02	1348.63	0.61	-253.32
1348.63	1349.165	0.535	-252.85
1349.165	1349.78	0.615	-253.53
1349.78	1350.34	0.56	-263.84
1350.34	1350.93	0.59	-264.51
1350.93	1351.43	0.5	-257.57
1351.43	1351.96	0.53	-259.65
1351.96	1352.6	0.64	-258.14
1352.6	1353.185	0.585	-255.2
1353.185	1353.71	0.525	-258.23
1353.71	1354.235	0.525	-261.91
1354.235	1354.845	0.61	-258.57
1354.845	1355.415	0.57	-253.54
1355.415	1355.995	0.58	-243.47
1355.995	1356.545	0.55	-272.33
1356.545	1357.06	0.515	-265.19
1357.06	1357.65	0.59	-261.09
1357.65	1358.18	0.53	-270.71
1358.18	1358.755	0.575	-259.58
1358.755	1359.33	0.575	-260.49
1359.33	1359.87	0.54	-264.96
1359.87	1360.455	0.585	-269.73
1360.455	1361.04	0.585	-271.81
1361.04	1361.63	0.59	-261.76
1361.63	1362.125	0.495	-258.68
1362.125	1362.65	0.525	999999
1362.65	1363.145	0.495	-263.36
1363.145	1363.715	0.57	-270.62
1363.715	1364.22	0.505	-265.97
1364.22	1364.805	0.585	-261.86
1364.805	1365.39	0.585	-270.21
1365.39	1365.955	0.565	-257.79
1365.955	1366.52	0.565	-262.17
1366.52	1367.09	0.57	-268.51
1367.09	1367.73	0.64	-257.69
1367.73	1368.31	0.58	-271.16
1368.31	1368.87	0.56	-260.98
1368.87	1369.38	0.51	-266.79
1369.38	1369.935	0.555	-258.07
1369.935	1370.47	0.535	-263.7
1370.47	1371.01	0.54	-255.66
1371.01	1371.59	0.58	-266.86
1371.59	1372.07	0.48	-264.17
1372.07	1372.61	0.54	-265.61
1372.61	1373.17	0.56	-270.51
1373.17	1373.7	0.53	-269.21
1373.7	1374.32	0.62	-270.24
1374.32	1374.92	0.6	-259.82
1374.92	1375.53	0.61	-265.18
1375.53	1376.01	0.48	-273.9
1376.01	1376.5	0.49	-268.22
1376.5	1377.06	0.56	-270.41
1377.06	1377.56	0.5	-267.08
1377.56	1378.07	0.51	-265.21
1378.07	1378.88	0.81	-267.97
1378.88	1379.51	0.63	-267.98
1379.51	1380.1	0.59	-273.13
1380.1	1380.62	0.52	-269.8
1380.62	1381.14	0.52	-261.96
1381.14	1381.7	0.56	-265.36
1381.7	1382.33	0.63	-270.42
1382.33	1382.89	0.56	-266.88
1382.89	1383.45	0.56	-271.88
1383.45	1384	0.55	-275.1
1384	1384.48	0.48	-273.4
1384.48	1384.87	0.39	-269.14
1384.87	1385.38	0.51	-270.4
1385.38	1385.88	0.5	-271
1385.88	1386.37	0.49	-273.67
1386.37	1386.96	0.59	-271.77
1386.96	1387.45	0.49	-273.49
1387.45	1388.04	0.59	-263
1388.04	1388.55	0.51	-271.27
1388.55	1389.04	0.49	-284.15
1389.04	1389.42	0.38	-274.35
1389.42	1389.93	0.51	-281.83
1389.93	1390.39	0.46	-273.63
1390.39	1390.97	0.58	-272.54
1390.97	1391.52	0.55	-279.72
1391.52	1392.07	0.55	-278.07
1392.07	1392.6	0.53	-276.45
1392.6	1393.11	0.51	-282.21
1393.11	1393.59	0.48	-284.71
1393.59	1394.1	0.51	-276.66
1394.1	1394.52	0.42	-283.36
1394.52	1394.98	0.46	-282.37
1394.98	1395.52	0.54	-268.33
1395.52	1396	0.48	-262.83
1396	1396.53	0.53	-269.6
1396.53	1397.1	0.57	-273.01
1397.1	1397.49	0.39	-269.72
1397.49	1397.95	0.46	-267.87
1397.95	1398.42	0.47	-273.89
1398.42	1398.92	0.5	-265.19
1398.92	1399.54	0.62	-263.68
1399.54	1400.02	0.48	-266.39
1400.02	1400.54	0.52	-259.12
1400.54	1401.22	0.68	-262.44
1401.22	1401.82	0.6	-271.08
1401.82	1402.36	0.54	-267.87
1402.36	1402.95	0.59	-264.36
1402.95	1403.48	0.53	-266.12
1403.48	1404.09	0.61	-267.75
1404.09	1404.56	0.47	-262.69
1404.56	1405.05	0.49	-259.52
1405.05	1405.63	0.58	-268.11
1405.63	1406.08	0.45	-263.46
1406.08	1406.59	0.51	-260.63
1406.59	1407.11	0.52	-261.64
1407.11	1407.6	0.49	-270.98
1407.6	1408.09	0.49	-276.27
1408.09	1408.66	0.57	-266.59
1408.66	1409.1	0.44	-266.63
1409.1	1409.67	0.57	-269.37
1409.67	1410.18	0.51	-266.59
1410.18	1410.68	0.5	-269.4
1410.68	1411.35	0.67	-268.02
1411.35	1411.82	0.47	-271.7
1411.82	1412.43	0.61	-247.88
1412.43	1412.86	0.43	-272.43
1412.86	1413.35	0.49	-263.9
1413.35	1413.84	0.49	-272.24
1413.84	1414.42	0.58	-263.94
1414.42	1415.05	0.63	-259.95
1415.05	1415.57	0.52	-267.6
1415.57	1416.09	0.52	-261.96
1416.09	1416.59	0.5	-265.92
1416.59	1417.06	0.47	-270.42
1417.06	1417.57	0.51	-270.53
1417.57	1418.07	0.5	-270.32
1418.07	1418.57	0.5	-270.28
1418.57	1419.08	0.51	-269.63
1419.08	1419.54	0.46	-261.92
1419.54	1420.19	0.65	-257.68
1420.19	1420.62	0.43	-259.51
1420.62	1421.13	0.51	-269.51
1421.13	1421.62	0.49	-266.5
1421.62	1422.17	0.55	-281.08
1422.17	1422.58	0.41	-270.3
1422.58	1423.19	0.61	-263.9
1423.19	1423.7	0.51	-267.1
1423.7	1424.21	0.51	-265.06
1424.21	1424.72	0.51	-271.99
1424.72	1425.24	0.52	-261.95
1425.24	1425.77	0.53	-272.08
1425.77	1426.25	0.48	-272.97
1426.25	1426.74	0.49	-264.17
1426.74	1427.26	0.52	-264.36
1427.26	1427.82	0.56	-265.56
1427.82	1428.41	0.59	-264.4
1428.41	1428.94	0.53	-252.62
1428.94	1429.55	0.61	-267.65
1429.55	1430.22	0.67	-264.39
1430.22	1430.71	0.49	-263.5
1430.71	1431.21	0.5	-266.85
1431.21	1431.76	0.55	-270.36
1431.76	1432.25	0.49	-264.88
1432.25	1432.8	0.55	-272.35
1432.8	1433.37	0.57	-267.75
1433.37	1433.86	0.49	-262.57
1433.86	1434.42	0.56	-260.34
1434.42	1434.93	0.51	-273.27
1434.93	1435.41	0.48	-265.89
1435.41	1435.95	0.54	-263.01
1435.95	1436.56	0.61	-264.84
1436.56	1437.13	0.57	-262.57
1437.13	1437.59	0.46	-267.98
1437.59	1438.15	0.56	-278.01
1438.15	1438.78	0.63	-260.58
1438.78	1439.29	0.51	-272.54
1439.29	1439.77	0.48	-270.93
1439.77	1440.3	0.53	-260.28
1440.3	1440.84	0.54	-267.36
1440.84	1441.32	0.48	-264.55
1441.32	1441.82	0.5	-261.98
1441.82	1442.22	0.4	-265.77
1442.22	1442.72	0.5	-268.35
1442.72	1443.21	0.49	-265.04
1443.21	1443.77	0.56	-268.96
1443.77	1444.36	0.59	-266.45
1444.36	1444.9	0.54	-266.98
1444.9	1445.4	0.5	-271.6
1445.4	1445.96	0.56	-268.67
1445.96	1446.46	0.5	-263.73
1446.46	1446.96	0.5	-257.29
1446.96	1447.54	0.58	-258.75
1447.54	1448.05	0.51	-263.16
1448.05	1448.63	0.58	-254.53
1448.63	1449.23	0.6	-271.31
1449.23	1449.78	0.55	-262.21
1449.78	1450.29	0.51	-277.02
1450.29	1450.81	0.52	-271.9
1450.81	1451.33	0.52	-265.54
1451.33	1451.86	0.53	-269.89
1451.86	1452.26	0.4	-263
1452.26	1452.79	0.53	-264.66
1452.79	1453.3	0.51	-271.99
1453.3	1453.76	0.46	-261.78
1453.76	1454.29	0.53	-262.92
1454.29	1454.76	0.47	-258.51
1454.76	1455.29	0.53	-267.74
1455.29	1455.72	0.43	-266.91
1455.72	1456.19	0.47	-268.57
1456.19	1456.63	0.44	-270.74
1456.63	1457.14	0.51	-273.75
1457.14	1457.63	0.49	-266.5
1457.63	1458.12	0.49	-261.68
1458.12	1458.62	0.5	-264.19
1458.62	1459.19	0.57	-267.69
1459.19	1459.63	0.44	-274.24
1459.63	1460.17	0.54	-258.34
1460.17	1460.63	0.46	-268.11
1460.63	1461.15	0.52	-269.61
1461.15	1461.71	0.56	-257.9
1461.71	1462.21	0.5	-258.23
1462.21	1462.82	0.61	-256.62
1462.82	1463.36	0.54	-265.24
1463.36	1463.89	0.53	-264.92
1463.89	1464.32	0.43	-253.47
1464.32	1464.88	0.56	-259.09
1464.88	1465.41	0.53	-259.98
1465.41	1465.99	0.58	-267.15
1465.99	1466.43	0.44	-263.71
1466.43	1466.98	0.55	-267.12
1466.98	1467.47	0.49	-270.29
1467.47	1467.91	0.44	-261.65
1467.91	1468.43	0.52	-262.05
1468.43	1468.95	0.52	-267.07
1468.95	1469.38	0.43	-268.05
1469.38	1469.92	0.54	-264.57
1469.92	1470.46	0.54	-300.4
1470.46	1470.9	0.44	-265.46
1470.9	1471.43	0.53	-267.09
1471.43	1471.86	0.43	-262.26
1471.86	1472.36	0.5	-269.05
1472.36	1472.92	0.56	-275.17
1472.92	1473.4	0.48	-262.74
1473.4	1473.91	0.51	-268.91
1473.91	1474.4	0.49	-264.43
1474.4	1474.87	0.47	-269.04
1474.87	1475.39	0.52	-267.31
1475.39	1475.86	0.47	-272.24
1475.86	1476.32	0.46	-275.6
1476.32	1476.79	0.47	-300.44
1476.79	1477.27	0.48	-264.13
1477.27	1477.76	0.49	-265.43
1477.76	1478.37	0.61	-255.08
1478.37	1478.98	0.61	-266.43
1478.98	1479.47	0.49	-264.25
1479.47	1479.94	0.47	-264.01
1479.94	1480.45	0.51	-272.15
1480.45	1480.97	0.52	-265.93
1480.97	1481.46	0.49	-261.48
1481.46	1482.03	0.57	-259.77
1482.03	1482.59	0.56	-255.06
1482.59	1483.11	0.52	-266.32
1483.11	1483.62	0.51	-300.27
1483.62	1484.1	0.48	-265.32
1484.1	1484.65	0.55	-267.74
1484.65	1485.23	0.58	-267.83
1485.23	1485.67	0.44	-266.29
1485.67	1486.29	0.62	-261.4
1486.29	1486.78	0.49	-275.52
1486.78	1487.2	0.42	-267.64
1487.2	1487.7	0.5	-269.38
1487.7	1488.21	0.51	-267.1
1488.21	1488.63	0.42	-263.78
1488.63	1489.1	0.47	-273.68
1489.1	1489.47	0.37	-263.74
1489.47	1490.11	0.64	-275.34
1490.11	1490.7	0.59	-267.49
1490.7	1491.23	0.53	-259.34
1491.23	1491.79	0.56	-270.25
1491.79	1492.2	0.41	-267.32
1492.2	1492.68	0.48	-270.38
1492.68	1493.22	0.54	-262.37
1493.22	1493.68	0.46	-262.84
1493.68	1494.11	0.43	-271.55
1494.11	1494.56	0.45	-270.45
1494.56	1494.96	0.4	-283.33
1494.96	1495.45	0.49	-274.67
1495.45	1495.91	0.46	-275.71
1495.91	1496.38	0.47	-277.45
1496.38	1496.85	0.47	-259.64
1496.85	1497.38	0.53	-272.28
1497.38	1497.81	0.43	-268.39
1497.81	1498.31	0.5	-266.84
1498.31	1498.8	0.49	-264.06
1498.8	1499.32	0.52	-264.66
1499.32	1499.73	0.41	-266.19
1499.73	1500.2	0.47	-267.99
1500.2	1500.74	0.54	-271.03
1500.74	1501.19	0.45	-265.39
1501.19	1501.66	0.47	-267.03
1501.66	1502.05	0.39	-270.59
1502.05	1502.51	0.46	-264
1502.51	1502.9	0.39	-267.83
1502.9	1503.36	0.46	-262.3
1503.36	1503.85	0.49	-252.78
1503.85	1504.41	0.56	-258
1504.41	1504.95	0.54	-269.27
1504.95	1505.44	0.49	-262.67
1505.44	1505.95	0.51	-260.89
1505.95	1506.45	0.5	-261.42
1506.45	1506.89	0.44	-263.22
1506.89	1507.31	0.42	-264.88
1507.31	1507.75	0.44	-267.38
1507.75	1508.24	0.49	-265.51
1508.24	1508.74	0.5	-267.75
1508.74	1509.22	0.48	-263.89
1509.22	1509.77	0.55	-260.65
1509.77	1510.18	0.41	-265.05
1510.18	1510.56	0.38	-266.27
1510.56	1511.04	0.48	-277.49
1511.04	1511.475	0.435	-267.75
1511.475	1511.97	0.495	-261.18
1511.97	1512.415	0.445	-271.83
1512.415	1512.905	0.49	-256.26
1512.905	1513.375	0.47	-267.38
1513.375	1513.805	0.43	-269.43
1513.805	1514.31	0.505	-268.91
1514.31	1514.775	0.465	-261.33
1514.775	1515.295	0.52	-269.52
1515.295	1515.75	0.455	-265.05
1515.75	1516.21	0.46	-274.48
1516.21	1516.7	0.49	-269.88
1516.7	1517.195	0.495	-266.23
1517.195	1517.7	0.505	-273.25
1517.7	1518.15	0.45	-263.7
1518.15	1518.57	0.42	-274.19
1518.57	1519.03	0.46	-259.03
1519.03	1519.5	0.47	-270.05
1519.5	1519.97	0.47	-265.91
1519.97	1520.385	0.415	-274.24
1520.385	1520.81	0.425	-271.27
1520.81	1521.235	0.425	-277.09
1521.235	1521.715	0.48	-269.68
1521.715	1522.12	0.405	-266.28
1522.12	1522.54	0.42	-272.51
1522.54	1522.885	0.345	-266.02
1522.885	1523.335	0.45	-265.51
1523.335	1523.785	0.45	-263.35
1523.785	1524.275	0.49	-269.94
1524.275	1524.685	0.41	-275.36
1524.685	1525.13	0.445	-260.22
1525.13	1525.565	0.435	-274.58
1525.565	1526.03	0.465	-266.31
1526.03	1526.5	0.47	-268.19
1526.5	1526.905	0.405	-271.91
1526.905	1527.34	0.435	-274.92
1527.34	1527.76	0.42	-257.71
1527.76	1528.225	0.465	-263.99
1528.225	1528.64	0.415	-260.94
1528.64	1529.15	0.51	-276.08
1529.15	1529.6	0.45	-270.67
1529.6	1530.01	0.41	-269.48
1530.01	1530.47	0.46	-254.08
1530.47	1530.81	0.34	-259.76
1530.81	1531.245	0.435	-275.97
1531.245	1531.69	0.445	-272.5
1531.69	1532.135	0.445	-268.82
1532.135	1532.6	0.465	-262.87
1532.6	1532.93	0.33	-263.89
1532.93	1533.445	0.515	-254.08
1533.445	1533.775	0.33	-267.25
1533.775	1534.245	0.47	-257.15
1534.245	1534.68	0.435	-278.9
1534.68	1535.225	0.545	-271.56
1535.225	1535.665	0.44	-268.75
1535.665	1536.105	0.44	-273.2
1536.105	1536.525	0.42	-261.17
1536.525	1536.965	0.44	-265.7
1536.965	1537.365	0.4	-264.57
1537.365	1537.705	0.34	-262.55
1537.705	1538.05	0.345	-268.14
1538.05	1538.475	0.425	999999
1538.475	1538.9	0.425	-259.48
1538.9	1539.315	0.415	-262.9
1539.315	1539.79	0.475	-271.46
1539.79	1540.28	0.49	-263.12
1540.28	1540.705	0.425	-268.03
1540.705	1541.165	0.46	-264.25
1541.165	1541.59	0.425	-268.99
1541.59	1542.04	0.45	-267.63
1542.04	1542.44	0.4	-270.44
1542.44	1542.79	0.35	-273.58
1542.79	1543.29	0.5	-273.31
1543.29	1543.695	0.405	-268.09
1543.695	1544.15	0.455	-270.86
1544.15	1544.575	0.425	-268
1544.575	1544.995	0.42	-264.45
1544.995	1545.375	0.38	-259.79
1545.375	1545.815	0.44	-258.43
1545.815	1546.22	0.405	-270.85
1546.22	1546.69	0.47	-266.76
1546.69	1547.125	0.435	-266.63
1547.125	1547.52	0.395	-273.29
1547.52	1547.92	0.4	-265.05
1547.92	1548.34	0.42	-272.11
1548.34	1548.815	0.475	-263.73
1548.815	1549.23	0.415	-277.38
1549.23	1549.735	0.505	-266.86
1549.735	1550.155	0.42	-263.35
1550.155	1550.61	0.455	-270.18
1550.61	1551.035	0.425	-264.24
1551.035	1551.45	0.415	-267.06
1551.45	1551.875	0.425	-267.24
1551.875	1552.37	0.495	-266.24
1552.37	1552.88	0.51	-266.22
1552.88	1553.28	0.4	-267.23
1553.28	1553.73	0.45	-272.84
1553.73	1554.13	0.4	-263.51
1554.13	1554.52	0.39	-277.27
1554.52	1554.935	0.415	-261.88
1554.935	1555.39	0.455	-265.11
1555.39	1555.765	0.375	-258.58
1555.765	1556.205	0.44	-254.74
1556.205	1556.7	0.495	-269.97
1556.7	1557.21	0.51	-268.85
1557.21	1557.63	0.42	-274.41
1557.63	1558.055	0.425	-279.39
1558.055	1558.465	0.41	-268.7
1558.465	1558.81	0.345	-271.36
1558.81	1559.23	0.42	-272.01
1559.23	1559.7	0.47	-273.39
1559.7	1560.07	0.37	-270.12
1560.07	1560.485	0.415	-268.96
1560.485	1560.895	0.41	-264.28
1560.895	1561.34	0.445	999999
1561.34	1561.77	0.43	999999
1561.77	1562.245	0.475	-268.01
1562.245	1562.775	0.53	-265.79
1562.775	1563.19	0.415	-263.25
1563.19	1563.615	0.425	-274.95
1563.615	1564.09	0.475	-269.45
1564.09	1564.5	0.41	-273.41
1564.5	1564.895	0.395	-275.29
1564.895	1565.295	0.4	-274.84
1565.295	1565.73	0.435	-270.67
1565.73	1566.15	0.42	-269.35
1566.15	1566.56	0.41	-271.6
1566.56	1566.945	0.385	-270.21
1566.945	1567.43	0.485	-269.04
1567.43	1567.775	0.345	-266.7
1567.775	1568.265	0.49	-269.25
1568.265	1568.69	0.425	-266.89
1568.69	1569.15	0.46	-267.51
1569.15	1569.57	0.42	999999
1569.57	1569.975	0.405	-276.98
1569.975	1570.32	0.345	-280.93
1570.32	1570.78	0.46	-274.21
1570.78	1571.28	0.5	-267.47
1571.28	1571.69	0.41	-270.01
1571.69	1572.14	0.45	-273.6
1572.14	1572.49	0.35	-268.42
1572.49	1572.98	0.49	-280.82
1572.98	1573.34	0.36	-270.83
1573.34	1573.755	0.415	-277.13
1573.755	1574.1	0.345	-265.84
1574.1	1574.5	0.4	-274.22
1574.5	1574.9	0.4	-273.06
1574.9	1575.295	0.395	-266.17
1575.295	1575.71	0.415	-264.99
1575.71	1576.12	0.41	-278.03
1576.12	1576.5	0.38	-274.46
1576.5	1576.84	0.34	-282.62
1576.84	1577.21	0.37	-270.83
1577.21	1577.63	0.42	-275.7
1577.63	1577.99	0.36	-273.53
1577.99	1578.36	0.37	-267.36
1578.36	1578.755	0.395	-276.08
1578.755	1579.16	0.405	-277.85
1579.16	1579.55	0.39	-271.46
1579.55	1579.89	0.34	-279.77
1579.89	1580.25	0.36	-276.2
1580.25	1580.61	0.36	-279.48
1580.61	1580.985	0.375	-277.24
1580.985	1581.395	0.41	-279.07
1581.395	1581.755	0.36	-272.11
1581.755	1582.115	0.36	-277.45
1582.115	1582.58	0.465	-273.04
1582.58	1582.99	0.41	-281.28
1582.99	1583.44	0.45	-274.45
1583.44	1583.84	0.4	-275.23
1583.84	1584.25	0.41	-267.11
1584.25	1584.65	0.4	-267.19
1584.65	1585.07	0.42	-268.82
1585.07	1585.495	0.425	-270.04
1585.495	1585.93	0.435	-271.8
1585.93	1586.315	0.385	-270.71
1586.315	1586.695	0.38	-274.26
1586.695	1587.07	0.375	999999
1587.07	1587.545	0.475	-261.88
1587.545	1588.015	0.47	-277.1
1588.015	1588.435	0.42	-272.96
1588.435	1588.815	0.38	-277.4
1588.815	1589.205	0.39	-269.44
1589.205	1589.53	0.325	-281.97
1589.53	1589.915	0.385	-285.91
1589.915	1590.295	0.38	-277.71
1590.295	1590.685	0.39	-282.35
1590.685	1590.975	0.29	-271.26
1590.975	1591.325	0.35	-280.93
1591.325	1591.73	0.405	-286.88
1591.73	1592.12	0.39	-275.92
1592.12	1592.515	0.395	-273.77
1592.515	1592.935	0.42	-273.87
1592.935	1593.32	0.385	-269.5
1593.32	1593.76	0.44	-275.87
1593.76	1594.19	0.43	-276.43
1594.19	1594.57	0.38	-271.41
1594.57	1594.99	0.42	-277.72
1594.99	1595.42	0.43	-276.68
1595.42	1595.795	0.375	-272.57
1595.795	1596.095	0.3	-282.34
1596.095	1596.48	0.385	-276.46
1596.48	1596.91	0.43	999999
1596.91	1597.34	0.43	-297.48
1597.34	1597.68	0.34	-291.12
1597.68	1598.09	0.41	-277.2
1598.09	1598.4	0.31	999999
1598.4	1598.7	0.3	999999
1598.7	1599.08	0.38	999999
1599.08	1599.485	0.405	999999
1599.485	1599.83	0.345	999999
1599.83	1600.212	0.382	999999
1600.212	1600.606	0.394	999999
